0
0.0200000000000000
0.0400000000000000
0.0600000000000000
0.0800000000000000
0.100000000000000
0.120000000000000
0.140000000000000
0.160000000000000
0.180000000000000
0.200000000000000
0.220000000000000
0.240000000000000
0.260000000000000
0.280000000000000
0.300000000000000
0.320000000000000
0.340000000000000
0.360000000000000
0.380000000000000
0.400000000000000
0.420000000000000
0.440000000000000
0.460000000000000
0.480000000000000
0.500000000000000
0.520000000000000
0.540000000000000
0.560000000000000
0.580000000000000
0.600000000000000
0.620000000000000
0.640000000000000
0.660000000000000
0.680000000000000
0.700000000000000
0.720000000000000
0.740000000000000
0.760000000000000
0.780000000000000
0.800000000000000
0.820000000000000
0.840000000000000
0.860000000000000
0.880000000000000
0.900000000000000
0.920000000000000
0.940000000000000
0.960000000000000
0.980000000000000
1
1.02000000000000
1.04000000000000
1.06000000000000
1.08000000000000
1.10000000000000
1.12000000000000
1.14000000000000
1.16000000000000
1.18000000000000
1.20000000000000
1.22000000000000
1.24000000000000
1.26000000000000
1.28000000000000
1.30000000000000
1.32000000000000
1.34000000000000
1.36000000000000
1.38000000000000
1.40000000000000
1.42000000000000
1.44000000000000
1.46000000000000
1.48000000000000
1.50000000000000
1.52000000000000
1.54000000000000
1.56000000000000
1.58000000000000
1.60000000000000
1.62000000000000
1.64000000000000
1.66000000000000
1.68000000000000
1.70000000000000
1.72000000000000
1.74000000000000
1.76000000000000
1.78000000000000
1.80000000000000
1.82000000000000
1.84000000000000
1.86000000000000
1.88000000000000
1.90000000000000
1.92000000000000
1.94000000000000
1.96000000000000
1.98000000000000
2
2.02000000000000
2.04000000000000
2.06000000000000
2.08000000000000
2.10000000000000
2.12000000000000
2.14000000000000
2.16000000000000
2.18000000000000
2.20000000000000
2.22000000000000
2.24000000000000
2.26000000000000
2.28000000000000
2.30000000000000
2.32000000000000
2.34000000000000
2.36000000000000
2.38000000000000
2.40000000000000
2.42000000000000
2.44000000000000
2.46000000000000
2.48000000000000
2.50000000000000
2.52000000000000
2.54000000000000
2.56000000000000
2.58000000000000
2.60000000000000
2.62000000000000
2.64000000000000
2.66000000000000
2.68000000000000
2.70000000000000
2.72000000000000
2.74000000000000
2.76000000000000
2.78000000000000
2.80000000000000
2.82000000000000
2.84000000000000
2.86000000000000
2.88000000000000
2.90000000000000
2.92000000000000
2.94000000000000
2.96000000000000
2.98000000000000
3
3.02000000000000
3.04000000000000
3.06000000000000
3.08000000000000
3.10000000000000
3.12000000000000
3.14000000000000
3.16000000000000
3.18000000000000
3.20000000000000
3.22000000000000
3.24000000000000
3.26000000000000
3.28000000000000
3.30000000000000
3.32000000000000
3.34000000000000
3.36000000000000
3.38000000000000
3.40000000000000
3.42000000000000
3.44000000000000
3.46000000000000
3.48000000000000
3.50000000000000
3.52000000000000
3.54000000000000
3.56000000000000
3.58000000000000
3.60000000000000
3.62000000000000
3.64000000000000
3.66000000000000
3.68000000000000
3.70000000000000
3.72000000000000
3.74000000000000
3.76000000000000
3.78000000000000
3.80000000000000
3.82000000000000
3.84000000000000
3.86000000000000
3.88000000000000
3.90000000000000
3.92000000000000
3.94000000000000
3.96000000000000
3.98000000000000
4
4.02000000000000
4.04000000000000
4.06000000000000
4.08000000000000
4.10000000000000
4.12000000000000
4.14000000000000
4.16000000000000
4.18000000000000
4.20000000000000
4.22000000000000
4.24000000000000
4.26000000000000
4.28000000000000
4.30000000000000
4.32000000000000
4.34000000000000
4.36000000000000
4.38000000000000
4.40000000000000
4.42000000000000
4.44000000000000
4.46000000000000
4.48000000000000
4.50000000000000
4.52000000000000
4.54000000000000
4.56000000000000
4.58000000000000
4.60000000000000
4.62000000000000
4.64000000000000
4.66000000000000
4.68000000000000
4.70000000000000
4.72000000000000
4.74000000000000
4.76000000000000
4.78000000000000
4.80000000000000
4.82000000000000
4.84000000000000
4.86000000000000
4.88000000000000
4.90000000000000
4.92000000000000
4.94000000000000
4.96000000000000
4.98000000000000
5
5.02000000000000
5.04000000000000
5.06000000000000
5.08000000000000
5.10000000000000
5.12000000000000
5.14000000000000
5.16000000000000
5.18000000000000
5.20000000000000
5.22000000000000
5.24000000000000
5.26000000000000
5.28000000000000
5.30000000000000
5.32000000000000
5.34000000000000
5.36000000000000
5.38000000000000
5.40000000000000
5.42000000000000
5.44000000000000
5.46000000000000
5.48000000000000
5.50000000000000
5.52000000000000
5.54000000000000
5.56000000000000
5.58000000000000
5.60000000000000
5.62000000000000
5.64000000000000
5.66000000000000
5.68000000000000
5.70000000000000
5.72000000000000
5.74000000000000
5.76000000000000
5.78000000000000
5.80000000000000
5.82000000000000
5.84000000000000
5.86000000000000
5.88000000000000
5.90000000000000
5.92000000000000
5.94000000000000
5.96000000000000
5.98000000000000
6
6.02000000000000
6.04000000000000
6.06000000000000
6.08000000000000
6.10000000000000
6.12000000000000
6.14000000000000
6.16000000000000
6.18000000000000
6.20000000000000
6.22000000000000
6.24000000000000
6.26000000000000
6.28000000000000
6.30000000000000
6.32000000000000
6.34000000000000
6.36000000000000
6.38000000000000
6.40000000000000
6.42000000000000
6.44000000000000
6.46000000000000
6.48000000000000
6.50000000000000
6.52000000000000
6.54000000000000
6.56000000000000
6.58000000000000
6.60000000000000
6.62000000000000
6.64000000000000
6.66000000000000
6.68000000000000
6.70000000000000
6.72000000000000
6.74000000000000
6.76000000000000
6.78000000000000
6.80000000000000
6.82000000000000
6.84000000000000
6.86000000000000
6.88000000000000
6.90000000000000
6.92000000000000
6.94000000000000
6.96000000000000
6.98000000000000
7
7.02000000000000
7.04000000000000
7.06000000000000
7.08000000000000
7.10000000000000
7.12000000000000
7.14000000000000
7.16000000000000
7.18000000000000
7.20000000000000
7.22000000000000
7.24000000000000
7.26000000000000
7.28000000000000
7.30000000000000
7.32000000000000
7.34000000000000
7.36000000000000
7.38000000000000
7.40000000000000
7.42000000000000
7.44000000000000
7.46000000000000
7.48000000000000
7.50000000000000
7.52000000000000
7.54000000000000
7.56000000000000
7.58000000000000
7.60000000000000
7.62000000000000
7.64000000000000
7.66000000000000
7.68000000000000
7.70000000000000
7.72000000000000
7.74000000000000
7.76000000000000
7.78000000000000
7.80000000000000
7.82000000000000
7.84000000000000
7.86000000000000
7.88000000000000
7.90000000000000
7.92000000000000
7.94000000000000
7.96000000000000
7.98000000000000
8
8.02000000000000
8.04000000000000
8.06000000000000
8.08000000000000
8.10000000000000
8.12000000000000
8.14000000000000
8.16000000000000
8.18000000000000
8.20000000000000
8.22000000000000
8.24000000000000
8.26000000000000
8.28000000000000
8.30000000000000
8.32000000000000
8.34000000000000
8.36000000000000
8.38000000000000
8.40000000000000
8.42000000000000
8.44000000000000
8.46000000000000
8.48000000000000
8.50000000000000
8.52000000000000
8.54000000000000
8.56000000000000
8.58000000000000
8.60000000000000
8.62000000000000
8.64000000000000
8.66000000000000
8.68000000000000
8.70000000000000
8.72000000000000
8.74000000000000
8.76000000000000
8.78000000000000
8.80000000000000
8.82000000000000
8.84000000000000
8.86000000000000
8.88000000000000
8.90000000000000
8.92000000000000
8.94000000000000
8.96000000000000
8.98000000000000
9
9.02000000000000
9.04000000000000
9.06000000000000
9.08000000000000
9.10000000000000
9.12000000000000
9.14000000000000
9.16000000000000
9.18000000000000
9.20000000000000
9.22000000000000
9.24000000000000
9.26000000000000
9.28000000000000
9.30000000000000
9.32000000000000
9.34000000000000
9.36000000000000
9.38000000000000
9.40000000000000
9.42000000000000
9.44000000000000
9.46000000000000
9.48000000000000
9.50000000000000
9.52000000000000
9.54000000000000
9.56000000000000
9.58000000000000
9.60000000000000
9.62000000000000
9.64000000000000
9.66000000000000
9.68000000000000
9.70000000000000
9.72000000000000
9.74000000000000
9.76000000000000
9.78000000000000
9.80000000000000
9.82000000000000
9.84000000000000
9.86000000000000
9.88000000000000
9.90000000000000
9.92000000000000
9.94000000000000
9.96000000000000
9.98000000000000
10
10.0200000000000
10.0400000000000
10.0600000000000
10.0800000000000
10.1000000000000
10.1200000000000
10.1400000000000
10.1600000000000
10.1800000000000
10.2000000000000
10.2200000000000
10.2400000000000
10.2600000000000
10.2800000000000
10.3000000000000
10.3200000000000
10.3400000000000
10.3600000000000
10.3800000000000
10.4000000000000
10.4200000000000
10.4400000000000
10.4600000000000
10.4800000000000
10.5000000000000
10.5200000000000
10.5400000000000
10.5600000000000
10.5800000000000
10.6000000000000
10.6200000000000
10.6400000000000
10.6600000000000
10.6800000000000
10.7000000000000
10.7200000000000
10.7400000000000
10.7600000000000
10.7800000000000
10.8000000000000
10.8200000000000
10.8400000000000
10.8600000000000
10.8800000000000
10.9000000000000
10.9200000000000
10.9400000000000
10.9600000000000
10.9800000000000
11
11.0200000000000
11.0400000000000
11.0600000000000
11.0800000000000
11.1000000000000
11.1200000000000
11.1400000000000
11.1600000000000
11.1800000000000
11.2000000000000
11.2200000000000
11.2400000000000
11.2600000000000
11.2800000000000
11.3000000000000
11.3200000000000
11.3400000000000
11.3600000000000
11.3800000000000
11.4000000000000
11.4200000000000
11.4400000000000
11.4600000000000
11.4800000000000
11.5000000000000
11.5200000000000
11.5400000000000
11.5600000000000
11.5800000000000
11.6000000000000
11.6200000000000
11.6400000000000
11.6600000000000
11.6800000000000
11.7000000000000
11.7200000000000
11.7400000000000
11.7600000000000
11.7800000000000
11.8000000000000
11.8200000000000
11.8400000000000
11.8600000000000
11.8800000000000
11.9000000000000
11.9200000000000
11.9400000000000
11.9600000000000
11.9800000000000
12
12.0200000000000
12.0400000000000
12.0600000000000
12.0800000000000
12.1000000000000
12.1200000000000
12.1400000000000
12.1600000000000
12.1800000000000
12.2000000000000
12.2200000000000
12.2400000000000
12.2600000000000
12.2800000000000
12.3000000000000
12.3200000000000
12.3400000000000
12.3600000000000
12.3800000000000
12.4000000000000
12.4200000000000
12.4400000000000
12.4600000000000
12.4800000000000
12.5000000000000
12.5200000000000
12.5400000000000
12.5600000000000
12.5800000000000
12.6000000000000
12.6200000000000
12.6400000000000
12.6600000000000
12.6800000000000
12.7000000000000
12.7200000000000
12.7400000000000
12.7600000000000
12.7800000000000
12.8000000000000
12.8200000000000
12.8400000000000
12.8600000000000
12.8800000000000
12.9000000000000
12.9200000000000
12.9400000000000
12.9600000000000
12.9800000000000
13
13.0200000000000
13.0400000000000
13.0600000000000
13.0800000000000
13.1000000000000
13.1200000000000
13.1400000000000
13.1600000000000
13.1800000000000
13.2000000000000
13.2200000000000
13.2400000000000
13.2600000000000
13.2800000000000
13.3000000000000
13.3200000000000
13.3400000000000
13.3600000000000
13.3800000000000
13.4000000000000
13.4200000000000
13.4400000000000
13.4600000000000
13.4800000000000
13.5000000000000
13.5200000000000
13.5400000000000
13.5600000000000
13.5800000000000
13.6000000000000
13.6200000000000
13.6400000000000
13.6600000000000
13.6800000000000
13.7000000000000
13.7200000000000
13.7400000000000
13.7600000000000
13.7800000000000
13.8000000000000
13.8200000000000
13.8400000000000
13.8600000000000
13.8800000000000
13.9000000000000
13.9200000000000
13.9400000000000
13.9600000000000
13.9800000000000
14
14.0200000000000
14.0400000000000
14.0600000000000
14.0800000000000
14.1000000000000
14.1200000000000
14.1400000000000
14.1600000000000
14.1800000000000
14.2000000000000
14.2200000000000
14.2400000000000
14.2600000000000
14.2800000000000
14.3000000000000
14.3200000000000
14.3400000000000
14.3600000000000
14.3800000000000
14.4000000000000
14.4200000000000
14.4400000000000
14.4600000000000
14.4800000000000
14.5000000000000
14.5200000000000
14.5400000000000
14.5600000000000
14.5800000000000
14.6000000000000
14.6200000000000
14.6400000000000
14.6600000000000
14.6800000000000
14.7000000000000
14.7200000000000
14.7400000000000
14.7600000000000
14.7800000000000
14.8000000000000
14.8200000000000
14.8400000000000
14.8600000000000
14.8800000000000
14.9000000000000
14.9200000000000
14.9400000000000
14.9600000000000
14.9800000000000
15
15.0200000000000
15.0400000000000
15.0600000000000
15.0800000000000
15.1000000000000
15.1200000000000
15.1400000000000
15.1600000000000
15.1800000000000
15.2000000000000
15.2200000000000
15.2400000000000
15.2600000000000
15.2800000000000
15.3000000000000
15.3200000000000
15.3400000000000
15.3600000000000
15.3800000000000
15.4000000000000
15.4200000000000
15.4400000000000
15.4600000000000
15.4800000000000
15.5000000000000
15.5200000000000
15.5400000000000
15.5600000000000
15.5800000000000
15.6000000000000
15.6200000000000
15.6400000000000
15.6600000000000
15.6800000000000
15.7000000000000
15.7200000000000
15.7400000000000
15.7600000000000
15.7800000000000
15.8000000000000
15.8200000000000
15.8400000000000
15.8600000000000
15.8800000000000
15.9000000000000
15.9200000000000
15.9400000000000
15.9600000000000
15.9800000000000
16
16.0200000000000
16.0400000000000
16.0600000000000
16.0800000000000
16.1000000000000
16.1200000000000
16.1400000000000
16.1600000000000
16.1800000000000
16.2000000000000
16.2200000000000
16.2400000000000
16.2600000000000
16.2800000000000
16.3000000000000
16.3200000000000
16.3400000000000
16.3600000000000
16.3800000000000
16.4000000000000
16.4200000000000
16.4400000000000
16.4600000000000
16.4800000000000
16.5000000000000
16.5200000000000
16.5400000000000
16.5600000000000
16.5800000000000
16.6000000000000
16.6200000000000
16.6400000000000
16.6600000000000
16.6800000000000
16.7000000000000
16.7200000000000
16.7400000000000
16.7600000000000
16.7800000000000
16.8000000000000
16.8200000000000
16.8400000000000
16.8600000000000
16.8800000000000
16.9000000000000
16.9200000000000
16.9400000000000
16.9600000000000
16.9800000000000
17
17.0200000000000
17.0400000000000
17.0600000000000
17.0800000000000
17.1000000000000
17.1200000000000
17.1400000000000
17.1600000000000
17.1800000000000
17.2000000000000
17.2200000000000
17.2400000000000
17.2600000000000
17.2800000000000
17.3000000000000
17.3200000000000
17.3400000000000
17.3600000000000
17.3800000000000
17.4000000000000
17.4200000000000
17.4400000000000
17.4600000000000
17.4800000000000
17.5000000000000
17.5200000000000
17.5400000000000
17.5600000000000
17.5800000000000
17.6000000000000
17.6200000000000
17.6400000000000
17.6600000000000
17.6800000000000
17.7000000000000
17.7200000000000
17.7400000000000
17.7600000000000
17.7800000000000
17.8000000000000
17.8200000000000
17.8400000000000
17.8600000000000
17.8800000000000
17.9000000000000
17.9200000000000
17.9400000000000
17.9600000000000
17.9800000000000
18
18.0200000000000
18.0400000000000
18.0600000000000
18.0800000000000
18.1000000000000
18.1200000000000
18.1400000000000
18.1600000000000
18.1800000000000
18.2000000000000
18.2200000000000
18.2400000000000
18.2600000000000
18.2800000000000
18.3000000000000
18.3200000000000
18.3400000000000
18.3600000000000
18.3800000000000
18.4000000000000
18.4200000000000
18.4400000000000
18.4600000000000
18.4800000000000
18.5000000000000
18.5200000000000
18.5400000000000
18.5600000000000
18.5800000000000
18.6000000000000
18.6200000000000
18.6400000000000
18.6600000000000
18.6800000000000
18.7000000000000
18.7200000000000
18.7400000000000
18.7600000000000
18.7800000000000
18.8000000000000
18.8200000000000
18.8400000000000
18.8600000000000
18.8800000000000
18.9000000000000
18.9200000000000
18.9400000000000
18.9600000000000
18.9800000000000
19
19.0200000000000
19.0400000000000
19.0600000000000
19.0800000000000
19.1000000000000
19.1200000000000
19.1400000000000
19.1600000000000
19.1800000000000
19.2000000000000
19.2200000000000
19.2400000000000
19.2600000000000
19.2800000000000
19.3000000000000
19.3200000000000
19.3400000000000
19.3600000000000
19.3800000000000
19.4000000000000
19.4200000000000
19.4400000000000
19.4600000000000
19.4800000000000
19.5000000000000
19.5200000000000
19.5400000000000
19.5600000000000
19.5800000000000
19.6000000000000
19.6200000000000
19.6400000000000
19.6600000000000
19.6800000000000
19.7000000000000
19.7200000000000
19.7400000000000
19.7600000000000
19.7800000000000
19.8000000000000
19.8200000000000
19.8400000000000
19.8600000000000
19.8800000000000
19.9000000000000
19.9200000000000
19.9400000000000
19.9600000000000
19.9800000000000
20
20.0200000000000
20.0400000000000
20.0600000000000
20.0800000000000
20.1000000000000
20.1200000000000
20.1400000000000
20.1600000000000
20.1800000000000
20.2000000000000
20.2200000000000
20.2400000000000
20.2600000000000
20.2800000000000
20.3000000000000
20.3200000000000
20.3400000000000
20.3600000000000
20.3800000000000
20.4000000000000
20.4200000000000
20.4400000000000
20.4600000000000
20.4800000000000
20.5000000000000
20.5200000000000
20.5400000000000
20.5600000000000
20.5800000000000
20.6000000000000
20.6200000000000
20.6400000000000
20.6600000000000
20.6800000000000
20.7000000000000
20.7200000000000
20.7400000000000
20.7600000000000
20.7800000000000
20.8000000000000
20.8200000000000
20.8400000000000
20.8600000000000
20.8800000000000
20.9000000000000
20.9200000000000
20.9400000000000
20.9600000000000
20.9800000000000
21
21.0200000000000
21.0400000000000
21.0600000000000
21.0800000000000
21.1000000000000
21.1200000000000
21.1400000000000
21.1600000000000
21.1800000000000
21.2000000000000
21.2200000000000
21.2400000000000
21.2600000000000
21.2800000000000
21.3000000000000
21.3200000000000
21.3400000000000
21.3600000000000
21.3800000000000
21.4000000000000
21.4200000000000
21.4400000000000
21.4600000000000
21.4800000000000
21.5000000000000
21.5200000000000
21.5400000000000
21.5600000000000
21.5800000000000
21.6000000000000
21.6200000000000
21.6400000000000
21.6600000000000
21.6800000000000
21.7000000000000
21.7200000000000
21.7400000000000
21.7600000000000
21.7800000000000
21.8000000000000
21.8200000000000
21.8400000000000
21.8600000000000
21.8800000000000
21.9000000000000
21.9200000000000
21.9400000000000
21.9600000000000
21.9800000000000
22
22.0200000000000
22.0400000000000
22.0600000000000
22.0800000000000
22.1000000000000
22.1200000000000
22.1400000000000
22.1600000000000
22.1800000000000
22.2000000000000
22.2200000000000
22.2400000000000
22.2600000000000
22.2800000000000
22.3000000000000
22.3200000000000
22.3400000000000
22.3600000000000
22.3800000000000
22.4000000000000
22.4200000000000
22.4400000000000
22.4600000000000
22.4800000000000
22.5000000000000
22.5200000000000
22.5400000000000
22.5600000000000
22.5800000000000
22.6000000000000
22.6200000000000
22.6400000000000
22.6600000000000
22.6800000000000
22.7000000000000
22.7200000000000
22.7400000000000
22.7600000000000
22.7800000000000
22.8000000000000
22.8200000000000
22.8400000000000
22.8600000000000
22.8800000000000
22.9000000000000
22.9200000000000
22.9400000000000
22.9600000000000
22.9800000000000
23
23.0200000000000
23.0400000000000
23.0600000000000
23.0800000000000
23.1000000000000
23.1200000000000
23.1400000000000
23.1600000000000
23.1800000000000
23.2000000000000
23.2200000000000
23.2400000000000
23.2600000000000
23.2800000000000
23.3000000000000
23.3200000000000
23.3400000000000
23.3600000000000
23.3800000000000
23.4000000000000
23.4200000000000
23.4400000000000
23.4600000000000
23.4800000000000
23.5000000000000
23.5200000000000
23.5400000000000
23.5600000000000
23.5800000000000
23.6000000000000
23.6200000000000
23.6400000000000
23.6600000000000
23.6800000000000
23.7000000000000
23.7200000000000
23.7400000000000
23.7600000000000
23.7800000000000
23.8000000000000
23.8200000000000
23.8400000000000
23.8600000000000
23.8800000000000
23.9000000000000
23.9200000000000
23.9400000000000
23.9600000000000
23.9800000000000
24
24.0200000000000
24.0400000000000
24.0600000000000
24.0800000000000
24.1000000000000
24.1200000000000
24.1400000000000
24.1600000000000
24.1800000000000
24.2000000000000
24.2200000000000
24.2400000000000
24.2600000000000
24.2800000000000
24.3000000000000
24.3200000000000
24.3400000000000
24.3600000000000
24.3800000000000
24.4000000000000
24.4200000000000
24.4400000000000
24.4600000000000
24.4800000000000
24.5000000000000
24.5200000000000
24.5400000000000
24.5600000000000
24.5800000000000
24.6000000000000
24.6200000000000
24.6400000000000
24.6600000000000
24.6800000000000
24.7000000000000
24.7200000000000
24.7400000000000
24.7600000000000
24.7800000000000
24.8000000000000
24.8200000000000
24.8400000000000
24.8600000000000
24.8800000000000
24.9000000000000
24.9200000000000
24.9400000000000
24.9600000000000
24.9800000000000
25
25.0200000000000
25.0400000000000
25.0600000000000
25.0800000000000
25.1000000000000
25.1200000000000
25.1400000000000
25.1600000000000
25.1800000000000
25.2000000000000
25.2200000000000
25.2400000000000
25.2600000000000
25.2800000000000
25.3000000000000
25.3200000000000
25.3400000000000
25.3600000000000
25.3800000000000
25.4000000000000
25.4200000000000
25.4400000000000
25.4600000000000
25.4800000000000
25.5000000000000
25.5200000000000
25.5400000000000
25.5600000000000
25.5800000000000
25.6000000000000
25.6200000000000
25.6400000000000
25.6600000000000
25.6800000000000
25.7000000000000
25.7200000000000
25.7400000000000
25.7600000000000
25.7800000000000
25.8000000000000
25.8200000000000
25.8400000000000
25.8600000000000
25.8800000000000
25.9000000000000
25.9200000000000
25.9400000000000
25.9600000000000
25.9800000000000
26
26.0200000000000
26.0400000000000
26.0600000000000
26.0800000000000
26.1000000000000
26.1200000000000
26.1400000000000
26.1600000000000
26.1800000000000
26.2000000000000
26.2200000000000
26.2400000000000
26.2600000000000
26.2800000000000
26.3000000000000
26.3200000000000
26.3400000000000
26.3600000000000
26.3800000000000
26.4000000000000
26.4200000000000
26.4400000000000
26.4600000000000
26.4800000000000
26.5000000000000
26.5200000000000
26.5400000000000
26.5600000000000
26.5800000000000
26.6000000000000
26.6200000000000
26.6400000000000
26.6600000000000
26.6800000000000
26.7000000000000
26.7200000000000
26.7400000000000
26.7600000000000
26.7800000000000
26.8000000000000
26.8200000000000
26.8400000000000
26.8600000000000
26.8800000000000
26.9000000000000
26.9200000000000
26.9400000000000
26.9600000000000
26.9800000000000
27
27.0200000000000
27.0400000000000
27.0600000000000
27.0800000000000
27.1000000000000
27.1200000000000
27.1400000000000
27.1600000000000
27.1800000000000
27.2000000000000
27.2200000000000
27.2400000000000
27.2600000000000
27.2800000000000
27.3000000000000
27.3200000000000
27.3400000000000
27.3600000000000
27.3800000000000
27.4000000000000
27.4200000000000
27.4400000000000
27.4600000000000
27.4800000000000
27.5000000000000
27.5200000000000
27.5400000000000
27.5600000000000
27.5800000000000
27.6000000000000
27.6200000000000
27.6400000000000
27.6600000000000
27.6800000000000
27.7000000000000
27.7200000000000
27.7400000000000
27.7600000000000
27.7800000000000
27.8000000000000
27.8200000000000
27.8400000000000
27.8600000000000
27.8800000000000
27.9000000000000
27.9200000000000
27.9400000000000
27.9600000000000
27.9800000000000
28
28.0200000000000
28.0400000000000
28.0600000000000
28.0800000000000
28.1000000000000
28.1200000000000
28.1400000000000
28.1600000000000
28.1800000000000
28.2000000000000
28.2200000000000
28.2400000000000
28.2600000000000
28.2800000000000
28.3000000000000
28.3200000000000
28.3400000000000
28.3600000000000
28.3800000000000
28.4000000000000
28.4200000000000
28.4400000000000
28.4600000000000
28.4800000000000
28.5000000000000
28.5200000000000
28.5400000000000
28.5600000000000
28.5800000000000
28.6000000000000
28.6200000000000
28.6400000000000
28.6600000000000
28.6800000000000
28.7000000000000
28.7200000000000
28.7400000000000
28.7600000000000
28.7800000000000
28.8000000000000
28.8200000000000
28.8400000000000
28.8600000000000
28.8800000000000
28.9000000000000
28.9200000000000
28.9400000000000
28.9600000000000
28.9800000000000
29
29.0200000000000
29.0400000000000
29.0600000000000
29.0800000000000
29.1000000000000
29.1200000000000
29.1400000000000
29.1600000000000
29.1800000000000
29.2000000000000
29.2200000000000
29.2400000000000
29.2600000000000
29.2800000000000
29.3000000000000
29.3200000000000
29.3400000000000
29.3600000000000
29.3800000000000
29.4000000000000
29.4200000000000
29.4400000000000
29.4600000000000
29.4800000000000
29.5000000000000
29.5200000000000
29.5400000000000
29.5600000000000
29.5800000000000
29.6000000000000
29.6200000000000
29.6400000000000
29.6600000000000
29.6800000000000
29.7000000000000
29.7200000000000
29.7400000000000
29.7600000000000
29.7800000000000
29.8000000000000
29.8200000000000
29.8400000000000
29.8600000000000
29.8800000000000
29.9000000000000
29.9200000000000
29.9400000000000
29.9600000000000
29.9800000000000
30
30.0200000000000
30.0400000000000
30.0600000000000
30.0800000000000
30.1000000000000
30.1200000000000
30.1400000000000
30.1600000000000
30.1800000000000
30.2000000000000
30.2200000000000
30.2400000000000
30.2600000000000
30.2800000000000
30.3000000000000
30.3200000000000
30.3400000000000
30.3600000000000
30.3800000000000
30.4000000000000
30.4200000000000
30.4400000000000
30.4600000000000
30.4800000000000
30.5000000000000
30.5200000000000
30.5400000000000
30.5600000000000
30.5800000000000
30.6000000000000
30.6200000000000
30.6400000000000
30.6600000000000
30.6800000000000
30.7000000000000
30.7200000000000
30.7400000000000
30.7600000000000
30.7800000000000
30.8000000000000
30.8200000000000
30.8400000000000
30.8600000000000
30.8800000000000
30.9000000000000
30.9200000000000
30.9400000000000
30.9600000000000
30.9800000000000
31
31.0200000000000
31.0400000000000
31.0600000000000
31.0800000000000
31.1000000000000
31.1200000000000
31.1400000000000
31.1600000000000
31.1800000000000
31.2000000000000
31.2200000000000
31.2400000000000
31.2600000000000
31.2800000000000
31.3000000000000
31.3200000000000
31.3400000000000
31.3600000000000
31.3800000000000
31.4000000000000
31.4200000000000
31.4400000000000
31.4600000000000
31.4800000000000
31.5000000000000
31.5200000000000
31.5400000000000
31.5600000000000
31.5800000000000
31.6000000000000
31.6200000000000
31.6400000000000
31.6600000000000
31.6800000000000
31.7000000000000
31.7200000000000
31.7400000000000
31.7600000000000
31.7800000000000
31.8000000000000
31.8200000000000
31.8400000000000
31.8600000000000
31.8800000000000
31.9000000000000
31.9200000000000
31.9400000000000
31.9600000000000
31.9800000000000
32
32.0200000000000
32.0400000000000
32.0600000000000
32.0800000000000
32.1000000000000
32.1200000000000
32.1400000000000
32.1600000000000
32.1800000000000
32.2000000000000
32.2200000000000
32.2400000000000
32.2600000000000
32.2800000000000
32.3000000000000
32.3200000000000
32.3400000000000
32.3600000000000
32.3800000000000
32.4000000000000
32.4200000000000
32.4400000000000
32.4600000000000
32.4800000000000
32.5000000000000
32.5200000000000
32.5400000000000
32.5600000000000
32.5800000000000
32.6000000000000
32.6200000000000
32.6400000000000
32.6600000000000
32.6800000000000
32.7000000000000
32.7200000000000
32.7400000000000
32.7600000000000
32.7800000000000
32.8000000000000
32.8200000000000
32.8400000000000
32.8600000000000
32.8800000000000
32.9000000000000
32.9200000000000
32.9400000000000
32.9600000000000
32.9800000000000
33
33.0200000000000
33.0400000000000
33.0600000000000
33.0800000000000
33.1000000000000
33.1200000000000
33.1400000000000
33.1600000000000
33.1800000000000
33.2000000000000
33.2200000000000
33.2400000000000
33.2600000000000
33.2800000000000
33.3000000000000
33.3200000000000
33.3400000000000
33.3600000000000
33.3800000000000
33.4000000000000
33.4200000000000
33.4400000000000
33.4600000000000
33.4800000000000
33.5000000000000
33.5200000000000
33.5400000000000
33.5600000000000
33.5800000000000
33.6000000000000
33.6200000000000
33.6400000000000
33.6600000000000
33.6800000000000
33.7000000000000
33.7200000000000
33.7400000000000
33.7600000000000
33.7800000000000
33.8000000000000
33.8200000000000
33.8400000000000
33.8600000000000
33.8800000000000
33.9000000000000
33.9200000000000
33.9400000000000
33.9600000000000
33.9800000000000
34
34.0200000000000
34.0400000000000
34.0600000000000
34.0800000000000
34.1000000000000
34.1200000000000
34.1400000000000
34.1600000000000
34.1800000000000
34.2000000000000
34.2200000000000
34.2400000000000
34.2600000000000
34.2800000000000
34.3000000000000
34.3200000000000
34.3400000000000
34.3600000000000
34.3800000000000
34.4000000000000
34.4200000000000
34.4400000000000
34.4600000000000
34.4800000000000
34.5000000000000
34.5200000000000
34.5400000000000
34.5600000000000
34.5800000000000
34.6000000000000
34.6200000000000
34.6400000000000
34.6600000000000
34.6800000000000
34.7000000000000
34.7200000000000
34.7400000000000
34.7600000000000
34.7800000000000
34.8000000000000
34.8200000000000
34.8400000000000
34.8600000000000
34.8800000000000
34.9000000000000
34.9200000000000
34.9400000000000
34.9600000000000
34.9800000000000
35
35.0200000000000
35.0400000000000
35.0600000000000
35.0800000000000
35.1000000000000
35.1200000000000
35.1400000000000
35.1600000000000
35.1800000000000
35.2000000000000
35.2200000000000
35.2400000000000
35.2600000000000
35.2800000000000
35.3000000000000
35.3200000000000
35.3400000000000
35.3600000000000
35.3800000000000
35.4000000000000
35.4200000000000
35.4400000000000
35.4600000000000
35.4800000000000
35.5000000000000
35.5200000000000
35.5400000000000
35.5600000000000
35.5800000000000
35.6000000000000
35.6200000000000
35.6400000000000
35.6600000000000
35.6800000000000
35.7000000000000
35.7200000000000
35.7400000000000
35.7600000000000
35.7800000000000
35.8000000000000
35.8200000000000
35.8400000000000
35.8600000000000
35.8800000000000
35.9000000000000
35.9200000000000
35.9400000000000
35.9600000000000
35.9800000000000
36
36.0200000000000
36.0400000000000
36.0600000000000
36.0800000000000
36.1000000000000
36.1200000000000
36.1400000000000
36.1600000000000
36.1800000000000
36.2000000000000
36.2200000000000
36.2400000000000
36.2600000000000
36.2800000000000
36.3000000000000
36.3200000000000
36.3400000000000
36.3600000000000
36.3800000000000
36.4000000000000
36.4200000000000
36.4400000000000
36.4600000000000
36.4800000000000
36.5000000000000
36.5200000000000
36.5400000000000
36.5600000000000
36.5800000000000
36.6000000000000
36.6200000000000
36.6400000000000
36.6600000000000
36.6800000000000
36.7000000000000
36.7200000000000
36.7400000000000
36.7600000000000
36.7800000000000
36.8000000000000
36.8200000000000
36.8400000000000
36.8600000000000
36.8800000000000
36.9000000000000
36.9200000000000
36.9400000000000
36.9600000000000
36.9800000000000
37
37.0200000000000
37.0400000000000
37.0600000000000
37.0800000000000
37.1000000000000
37.1200000000000
37.1400000000000
37.1600000000000
37.1800000000000
37.2000000000000
37.2200000000000
37.2400000000000
37.2600000000000
37.2800000000000
37.3000000000000
37.3200000000000
37.3400000000000
37.3600000000000
37.3800000000000
37.4000000000000
37.4200000000000
37.4400000000000
37.4600000000000
37.4800000000000
37.5000000000000
37.5200000000000
37.5400000000000
37.5600000000000
37.5800000000000
37.6000000000000
37.6200000000000
37.6400000000000
37.6600000000000
37.6800000000000
37.7000000000000
37.7200000000000
37.7400000000000
37.7600000000000
37.7800000000000
37.8000000000000
37.8200000000000
37.8400000000000
37.8600000000000
37.8800000000000
37.9000000000000
37.9200000000000
37.9400000000000
37.9600000000000
37.9800000000000
38
38.0200000000000
38.0400000000000
38.0600000000000
38.0800000000000
38.1000000000000
38.1200000000000
38.1400000000000
38.1600000000000
38.1800000000000
38.2000000000000
38.2200000000000
38.2400000000000
38.2600000000000
38.2800000000000
38.3000000000000
38.3200000000000
38.3400000000000
38.3600000000000
38.3800000000000
38.4000000000000
38.4200000000000
38.4400000000000
38.4600000000000
38.4800000000000
38.5000000000000
38.5200000000000
38.5400000000000
38.5600000000000
38.5800000000000
38.6000000000000
38.6200000000000
38.6400000000000
38.6600000000000
38.6800000000000
38.7000000000000
38.7200000000000
38.7400000000000
38.7600000000000
38.7800000000000
38.8000000000000
38.8200000000000
38.8400000000000
38.8600000000000
38.8800000000000
38.9000000000000
38.9200000000000
38.9400000000000
38.9600000000000
38.9800000000000
39
39.0200000000000
39.0400000000000
39.0600000000000
39.0800000000000
39.1000000000000
39.1200000000000
39.1400000000000
39.1600000000000
39.1800000000000
39.2000000000000
39.2200000000000
39.2400000000000
39.2600000000000
39.2800000000000
39.3000000000000
39.3200000000000
39.3400000000000
39.3600000000000
39.3800000000000
39.4000000000000
39.4200000000000
39.4400000000000
39.4600000000000
39.4800000000000
39.5000000000000
39.5200000000000
39.5400000000000
39.5600000000000
39.5800000000000
39.6000000000000
39.6200000000000
39.6400000000000
39.6600000000000
39.6800000000000
39.7000000000000
39.7200000000000
39.7400000000000
39.7600000000000
39.7800000000000
39.8000000000000
39.8200000000000
39.8400000000000
39.8600000000000
39.8800000000000
39.9000000000000
39.9200000000000
39.9400000000000
39.9600000000000
39.9800000000000
40
40.0200000000000
40.0400000000000
40.0600000000000
40.0800000000000
40.1000000000000
40.1200000000000
40.1400000000000
40.1600000000000
40.1800000000000
40.2000000000000
40.2200000000000
40.2400000000000
40.2600000000000
40.2800000000000
40.3000000000000
40.3200000000000
40.3400000000000
40.3600000000000
40.3800000000000
40.4000000000000
40.4200000000000
40.4400000000000
40.4600000000000
40.4800000000000
40.5000000000000
40.5200000000000
40.5400000000000
40.5600000000000
40.5800000000000
40.6000000000000
40.6200000000000
40.6400000000000
40.6600000000000
40.6800000000000
40.7000000000000
40.7200000000000
40.7400000000000
40.7600000000000
40.7800000000000
40.8000000000000
40.8200000000000
40.8400000000000
40.8600000000000
40.8800000000000
40.9000000000000
40.9200000000000
40.9400000000000
40.9600000000000
40.9800000000000
41
41.0200000000000
41.0400000000000
41.0600000000000
41.0800000000000
41.1000000000000
41.1200000000000
41.1400000000000
41.1600000000000
41.1800000000000
41.2000000000000
41.2200000000000
41.2400000000000
41.2600000000000
41.2800000000000
41.3000000000000
41.3200000000000
41.3400000000000
41.3600000000000
41.3800000000000
41.4000000000000
41.4200000000000
41.4400000000000
41.4600000000000
41.4800000000000
41.5000000000000
41.5200000000000
41.5400000000000
41.5600000000000
41.5800000000000
41.6000000000000
41.6200000000000
41.6400000000000
41.6600000000000
41.6800000000000
41.7000000000000
41.7200000000000
41.7400000000000
41.7600000000000
41.7800000000000
41.8000000000000
41.8200000000000
41.8400000000000
41.8600000000000
41.8800000000000
41.9000000000000
41.9200000000000
41.9400000000000
41.9600000000000
41.9800000000000
42
42.0200000000000
42.0400000000000
42.0600000000000
42.0800000000000
42.1000000000000
42.1200000000000
42.1400000000000
42.1600000000000
42.1800000000000
42.2000000000000
42.2200000000000
42.2400000000000
42.2600000000000
42.2800000000000
42.3000000000000
42.3200000000000
42.3400000000000
42.3600000000000
42.3800000000000
42.4000000000000
42.4200000000000
42.4400000000000
42.4600000000000
42.4800000000000
42.5000000000000
42.5200000000000
42.5400000000000
42.5600000000000
42.5800000000000
42.6000000000000
42.6200000000000
42.6400000000000
42.6600000000000
42.6800000000000
42.7000000000000
42.7200000000000
42.7400000000000
42.7600000000000
42.7800000000000
42.8000000000000
42.8200000000000
42.8400000000000
42.8600000000000
42.8800000000000
42.9000000000000
42.9200000000000
42.9400000000000
42.9600000000000
42.9800000000000
43
43.0200000000000
43.0400000000000
43.0600000000000
43.0800000000000
43.1000000000000
43.1200000000000
43.1400000000000
43.1600000000000
43.1800000000000
43.2000000000000
43.2200000000000
43.2400000000000
43.2600000000000
43.2800000000000
43.3000000000000
43.3200000000000
43.3400000000000
43.3600000000000
43.3800000000000
43.4000000000000
43.4200000000000
43.4400000000000
43.4600000000000
43.4800000000000
43.5000000000000
43.5200000000000
43.5400000000000
43.5600000000000
43.5800000000000
43.6000000000000
43.6200000000000
43.6400000000000
43.6600000000000
43.6800000000000
43.7000000000000
43.7200000000000
43.7400000000000
43.7600000000000
43.7800000000000
43.8000000000000
43.8200000000000
43.8400000000000
43.8600000000000
43.8800000000000
43.9000000000000
43.9200000000000
43.9400000000000
43.9600000000000
43.9800000000000
44
44.0200000000000
44.0400000000000
44.0600000000000
44.0800000000000
44.1000000000000
44.1200000000000
44.1400000000000
44.1600000000000
44.1800000000000
44.2000000000000
44.2200000000000
44.2400000000000
44.2600000000000
44.2800000000000
44.3000000000000
44.3200000000000
44.3400000000000
44.3600000000000
44.3800000000000
44.4000000000000
44.4200000000000
44.4400000000000
44.4600000000000
44.4800000000000
44.5000000000000
44.5200000000000
44.5400000000000
44.5600000000000
44.5800000000000
44.6000000000000
44.6200000000000
44.6400000000000
44.6600000000000
44.6800000000000
44.7000000000000
44.7200000000000
44.7400000000000
44.7600000000000
44.7800000000000
44.8000000000000
44.8200000000000
44.8400000000000
44.8600000000000
44.8800000000000
44.9000000000000
44.9200000000000
44.9400000000000
44.9600000000000
44.9800000000000
45
45.0200000000000
45.0400000000000
45.0600000000000
45.0800000000000
45.1000000000000
45.1200000000000
45.1400000000000
45.1600000000000
45.1800000000000
45.2000000000000
45.2200000000000
45.2400000000000
45.2600000000000
45.2800000000000
45.3000000000000
45.3200000000000
45.3400000000000
45.3600000000000
45.3800000000000
45.4000000000000
45.4200000000000
45.4400000000000
45.4600000000000
45.4800000000000
45.5000000000000
45.5200000000000
45.5400000000000
45.5600000000000
45.5800000000000
45.6000000000000
45.6200000000000
45.6400000000000
45.6600000000000
45.6800000000000
45.7000000000000
45.7200000000000
45.7400000000000
45.7600000000000
45.7800000000000
45.8000000000000
45.8200000000000
45.8400000000000
45.8600000000000
45.8800000000000
45.9000000000000
45.9200000000000
45.9400000000000
45.9600000000000
45.9800000000000
46
46.0200000000000
46.0400000000000
46.0600000000000
46.0800000000000
46.1000000000000
46.1200000000000
46.1400000000000
46.1600000000000
46.1800000000000
46.2000000000000
46.2200000000000
46.2400000000000
46.2600000000000
46.2800000000000
46.3000000000000
46.3200000000000
46.3400000000000
46.3600000000000
46.3800000000000
46.4000000000000
46.4200000000000
46.4400000000000
46.4600000000000
46.4800000000000
46.5000000000000
46.5200000000000
46.5400000000000
46.5600000000000
46.5800000000000
46.6000000000000
46.6200000000000
46.6400000000000
46.6600000000000
46.6800000000000
46.7000000000000
46.7200000000000
46.7400000000000
46.7600000000000
46.7800000000000
46.8000000000000
46.8200000000000
46.8400000000000
46.8600000000000
46.8800000000000
46.9000000000000
46.9200000000000
46.9400000000000
46.9600000000000
46.9800000000000
47
47.0200000000000
47.0400000000000
47.0600000000000
47.0800000000000
47.1000000000000
47.1200000000000
47.1400000000000
47.1600000000000
47.1800000000000
47.2000000000000
47.2200000000000
47.2400000000000
47.2600000000000
47.2800000000000
47.3000000000000
47.3200000000000
47.3400000000000
47.3600000000000
47.3800000000000
47.4000000000000
47.4200000000000
47.4400000000000
47.4600000000000
47.4800000000000
47.5000000000000
47.5200000000000
47.5400000000000
47.5600000000000
47.5800000000000
47.6000000000000
47.6200000000000
47.6400000000000
47.6600000000000
47.6800000000000
47.7000000000000
47.7200000000000
47.7400000000000
47.7600000000000
47.7800000000000
47.8000000000000
47.8200000000000
47.8400000000000
47.8600000000000
47.8800000000000
47.9000000000000
47.9200000000000
47.9400000000000
47.9600000000000
47.9800000000000
48
48.0200000000000
48.0400000000000
48.0600000000000
48.0800000000000
48.1000000000000
48.1200000000000
48.1400000000000
48.1600000000000
48.1800000000000
48.2000000000000
48.2200000000000
48.2400000000000
48.2600000000000
48.2800000000000
48.3000000000000
48.3200000000000
48.3400000000000
48.3600000000000
48.3800000000000
48.4000000000000
48.4200000000000
48.4400000000000
48.4600000000000
48.4800000000000
48.5000000000000
48.5200000000000
48.5400000000000
48.5600000000000
48.5800000000000
48.6000000000000
48.6200000000000
48.6400000000000
48.6600000000000
48.6800000000000
48.7000000000000
48.7200000000000
48.7400000000000
48.7600000000000
48.7800000000000
48.8000000000000
48.8200000000000
48.8400000000000
48.8600000000000
48.8800000000000
48.9000000000000
48.9200000000000
48.9400000000000
48.9600000000000
48.9800000000000
49
49.0200000000000
49.0400000000000
49.0600000000000
49.0800000000000
49.1000000000000
49.1200000000000
49.1400000000000
49.1600000000000
49.1800000000000
49.2000000000000
49.2200000000000
49.2400000000000
49.2600000000000
49.2800000000000
49.3000000000000
49.3200000000000
49.3400000000000
49.3600000000000
49.3800000000000
49.4000000000000
49.4200000000000
49.4400000000000
49.4600000000000
49.4800000000000
49.5000000000000
49.5200000000000
49.5400000000000
49.5600000000000
49.5800000000000
49.6000000000000
49.6200000000000
49.6400000000000
49.6600000000000
49.6800000000000
49.7000000000000
49.7200000000000
49.7400000000000
49.7600000000000
49.7800000000000
49.8000000000000
49.8200000000000
49.8400000000000
49.8600000000000
49.8800000000000
49.9000000000000
49.9200000000000
49.9400000000000
49.9600000000000
49.9800000000000
50
50.0200000000000
50.0400000000000
50.0600000000000
50.0800000000000
50.1000000000000
50.1200000000000
50.1400000000000
50.1600000000000
50.1800000000000
50.2000000000000
50.2200000000000
50.2400000000000
50.2600000000000
50.2800000000000
50.3000000000000
50.3200000000000
50.3400000000000
50.3600000000000
50.3800000000000
50.4000000000000
50.4200000000000
50.4400000000000
50.4600000000000
50.4800000000000
50.5000000000000
50.5200000000000
50.5400000000000
50.5600000000000
50.5800000000000
50.6000000000000
50.6200000000000
50.6400000000000
50.6600000000000
50.6800000000000
50.7000000000000
50.7200000000000
50.7400000000000
50.7600000000000
50.7800000000000
50.8000000000000
50.8200000000000
50.8400000000000
50.8600000000000
50.8800000000000
50.9000000000000
50.9200000000000
50.9400000000000
50.9600000000000
50.9800000000000
51
51.0200000000000
51.0400000000000
51.0600000000000
51.0800000000000
51.1000000000000
51.1200000000000
51.1400000000000
51.1600000000000
51.1800000000000
51.2000000000000
51.2200000000000
51.2400000000000
51.2600000000000
51.2800000000000
51.3000000000000
51.3200000000000
51.3400000000000
51.3600000000000
51.3800000000000
51.4000000000000
51.4200000000000
51.4400000000000
51.4600000000000
51.4800000000000
51.5000000000000
51.5200000000000
51.5400000000000
51.5600000000000
51.5800000000000
51.6000000000000
51.6200000000000
51.6400000000000
51.6600000000000
51.6800000000000
51.7000000000000
51.7200000000000
51.7400000000000
51.7600000000000
51.7800000000000
51.8000000000000
51.8200000000000
51.8400000000000
51.8600000000000
51.8800000000000
51.9000000000000
51.9200000000000
51.9400000000000
51.9600000000000
51.9800000000000
52
52.0200000000000
52.0400000000000
52.0600000000000
52.0800000000000
52.1000000000000
52.1200000000000
52.1400000000000
52.1600000000000
52.1800000000000
52.2000000000000
52.2200000000000
52.2400000000000
52.2600000000000
52.2800000000000
52.3000000000000
52.3200000000000
52.3400000000000
52.3600000000000
52.3800000000000
52.4000000000000
52.4200000000000
52.4400000000000
52.4600000000000
52.4800000000000
52.5000000000000
52.5200000000000
52.5400000000000
52.5600000000000
52.5800000000000
52.6000000000000
52.6200000000000
52.6400000000000
52.6600000000000
52.6800000000000
52.7000000000000
52.7200000000000
52.7400000000000
52.7600000000000
52.7800000000000
52.8000000000000
52.8200000000000
52.8400000000000
52.8600000000000
52.8800000000000
52.9000000000000
52.9200000000000
52.9400000000000
52.9600000000000
52.9800000000000
53
53.0200000000000
53.0400000000000
53.0600000000000
53.0800000000000
53.1000000000000
53.1200000000000
53.1400000000000
53.1600000000000
53.1800000000000
53.2000000000000
53.2200000000000
53.2400000000000
53.2600000000000
53.2800000000000
53.3000000000000
53.3200000000000
53.3400000000000
53.3600000000000
53.3800000000000
53.4000000000000
53.4200000000000
53.4400000000000
53.4600000000000
53.4800000000000
53.5000000000000
53.5200000000000
53.5400000000000
53.5600000000000
53.5800000000000
53.6000000000000
53.6200000000000
53.6400000000000
53.6600000000000
53.6800000000000
53.7000000000000
53.7200000000000
53.7400000000000
53.7600000000000
53.7800000000000
53.8000000000000
53.8200000000000
53.8400000000000
53.8600000000000
53.8800000000000
53.9000000000000
53.9200000000000
53.9400000000000
53.9600000000000
53.9800000000000
54
54.0200000000000
54.0400000000000
54.0600000000000
54.0800000000000
54.1000000000000
54.1200000000000
54.1400000000000
54.1600000000000
54.1800000000000
54.2000000000000
54.2200000000000
54.2400000000000
54.2600000000000
54.2800000000000
54.3000000000000
54.3200000000000
54.3400000000000
54.3600000000000
54.3800000000000
54.4000000000000
54.4200000000000
54.4400000000000
54.4600000000000
54.4800000000000
54.5000000000000
54.5200000000000
54.5400000000000
54.5600000000000
54.5800000000000
54.6000000000000
54.6200000000000
54.6400000000000
54.6600000000000
54.6800000000000
54.7000000000000
54.7200000000000
54.7400000000000
54.7600000000000
54.7800000000000
54.8000000000000
54.8200000000000
54.8400000000000
54.8600000000000
54.8800000000000
54.9000000000000
54.9200000000000
54.9400000000000
54.9600000000000
54.9800000000000
55
55.0200000000000
55.0400000000000
55.0600000000000
55.0800000000000
55.1000000000000
55.1200000000000
55.1400000000000
55.1600000000000
55.1800000000000
55.2000000000000
55.2200000000000
55.2400000000000
55.2600000000000
55.2800000000000
55.3000000000000
55.3200000000000
55.3400000000000
55.3600000000000
55.3800000000000
55.4000000000000
55.4200000000000
55.4400000000000
55.4600000000000
55.4800000000000
55.5000000000000
55.5200000000000
55.5400000000000
55.5600000000000
55.5800000000000
55.6000000000000
55.6200000000000
55.6400000000000
55.6600000000000
55.6800000000000
55.7000000000000
55.7200000000000
55.7400000000000
55.7600000000000
55.7800000000000
55.8000000000000
55.8200000000000
55.8400000000000
55.8600000000000
55.8800000000000
55.9000000000000
55.9200000000000
55.9400000000000
55.9600000000000
55.9800000000000
56
56.0200000000000
56.0400000000000
56.0600000000000
56.0800000000000
56.1000000000000
56.1200000000000
56.1400000000000
56.1600000000000
56.1800000000000
56.2000000000000
56.2200000000000
56.2400000000000
56.2600000000000
56.2800000000000
56.3000000000000
56.3200000000000
56.3400000000000
56.3600000000000
56.3800000000000
56.4000000000000
56.4200000000000
56.4400000000000
56.4600000000000
56.4800000000000
56.5000000000000
56.5200000000000
56.5400000000000
56.5600000000000
56.5800000000000
56.6000000000000
56.6200000000000
56.6400000000000
56.6600000000000
56.6800000000000
56.7000000000000
56.7200000000000
56.7400000000000
56.7600000000000
56.7800000000000
56.8000000000000
56.8200000000000
56.8400000000000
56.8600000000000
56.8800000000000
56.9000000000000
56.9200000000000
56.9400000000000
56.9600000000000
56.9800000000000
57
57.0200000000000
57.0400000000000
57.0600000000000
57.0800000000000
57.1000000000000
57.1200000000000
57.1400000000000
57.1600000000000
57.1800000000000
57.2000000000000
57.2200000000000
57.2400000000000
57.2600000000000
57.2800000000000
57.3000000000000
57.3200000000000
57.3400000000000
57.3600000000000
57.3800000000000
57.4000000000000
57.4200000000000
57.4400000000000
57.4600000000000
57.4800000000000
57.5000000000000
57.5200000000000
57.5400000000000
57.5600000000000
57.5800000000000
57.6000000000000
57.6200000000000
57.6400000000000
57.6600000000000
57.6800000000000
57.7000000000000
57.7200000000000
57.7400000000000
57.7600000000000
57.7800000000000
57.8000000000000
57.8200000000000
57.8400000000000
57.8600000000000
57.8800000000000
57.9000000000000
57.9200000000000
57.9400000000000
57.9600000000000
57.9800000000000
58
58.0200000000000
58.0400000000000
58.0600000000000
58.0800000000000
58.1000000000000
58.1200000000000
58.1400000000000
58.1600000000000
58.1800000000000
58.2000000000000
58.2200000000000
58.2400000000000
58.2600000000000
58.2800000000000
58.3000000000000
58.3200000000000
58.3400000000000
58.3600000000000
58.3800000000000
58.4000000000000
58.4200000000000
58.4400000000000
58.4600000000000
58.4800000000000
58.5000000000000
58.5200000000000
58.5400000000000
58.5600000000000
58.5800000000000
58.6000000000000
58.6200000000000
58.6400000000000
58.6600000000000
58.6800000000000
58.7000000000000
58.7200000000000
58.7400000000000
58.7600000000000
58.7800000000000
58.8000000000000
58.8200000000000
58.8400000000000
58.8600000000000
58.8800000000000
58.9000000000000
58.9200000000000
58.9400000000000
58.9600000000000
58.9800000000000
59
59.0200000000000
59.0400000000000
59.0600000000000
59.0800000000000
59.1000000000000
59.1200000000000
59.1400000000000
59.1600000000000
59.1800000000000
59.2000000000000
59.2200000000000
59.2400000000000
59.2600000000000
59.2800000000000
59.3000000000000
59.3200000000000
59.3400000000000
59.3600000000000
59.3800000000000
59.4000000000000
59.4200000000000
59.4400000000000
59.4600000000000
59.4800000000000
59.5000000000000
59.5200000000000
59.5400000000000
59.5600000000000
59.5800000000000
59.6000000000000
59.6200000000000
59.6400000000000
59.6600000000000
59.6800000000000
59.7000000000000
59.7200000000000
59.7400000000000
59.7600000000000
59.7800000000000
59.8000000000000
59.8200000000000
59.8400000000000
59.8600000000000
59.8800000000000
59.9000000000000
59.9200000000000
59.9400000000000
59.9600000000000
59.9800000000000
60
60.0200000000000
60.0400000000000
60.0600000000000